665.567 291.326 45
673.701 309.597 45
673.701 309.597 30
665.567 291.326 30

665.567 291.326 45
653.811 307.506 45
653.811 307.506 30
665.567 291.326 30

665.567 291.326 45
645.676 289.235 45
645.676 289.235 30
665.567 291.326 30

665.567 291.326 45
657.432 273.055 45
657.432 273.055 30
665.567 291.326 30

665.567 291.326 45
677.322 275.146 45
677.322 275.146 30
665.567 291.326 30

665.567 291.326 45
685.457 293.417 45
685.457 293.417 30
665.567 291.326 30

665.567 291.326 45
673.701 309.597 45
673.701 309.597 30
665.567 291.326 30

