430.441 411.304 45
432.532 391.414 45
432.532 391.414 30
430.441 411.304 30

430.441 411.304 45
448.712 403.17 45
448.712 403.17 30
430.441 411.304 30

430.441 411.304 45
446.622 423.06 45
446.622 423.06 30
430.441 411.304 30

430.441 411.304 45
428.351 431.195 45
428.351 431.195 30
430.441 411.304 30

430.441 411.304 45
412.17 419.439 45
412.17 419.439 30
430.441 411.304 30

430.441 411.304 45
414.261 399.549 45
414.261 399.549 30
430.441 411.304 30

430.441 411.304 45
432.532 391.414 45
432.532 391.414 30
430.441 411.304 30

